resolution: 0.014788221343874
origin: [-11.73, 1.84, -1.570796326794897]
occupied_thresh: 0.65
free_thresh: 0.196
negate: 0
image: /home/wimble/lysander_ws/src/lysander/lysander/maps/1144SnowberryCourtv18d.jpg
